=== Custom Deep Neural Network ===
              precision    recall  f1-score   support

           0      1.000     1.000     1.000        27
           1      0.903     1.000     0.949        28
           2      1.000     1.000     1.000        26
           3      1.000     1.000     1.000        28
           4      1.000     1.000     1.000        27
           5      1.000     1.000     1.000        27
           6      1.000     1.000     1.000        27
           7      0.964     1.000     0.982        27
           8      1.000     0.846     0.917        26
           9      1.000     1.000     1.000        27

    accuracy                          0.985       270
   macro avg      0.987     0.985     0.985       270
weighted avg      0.986     0.985     0.985       270


=== Logistic Regression ===
              precision    recall  f1-score   support

           0      1.000     1.000     1.000        27
           1      0.931     0.964     0.947        28
           2      1.000     1.000     1.000        26
           3      1.000     1.000     1.000        28
           4      1.000     1.000     1.000        27
           5      1.000     1.000     1.000        27
           6      1.000     0.963     0.981        27
           7      1.000     1.000     1.000        27
           8      0.923     0.923     0.923        26
           9      1.000     1.000     1.000        27

    accuracy                          0.985       270
   macro avg      0.985     0.985     0.985       270
weighted avg      0.985     0.985     0.985       270


=== scikit-learn MLPClassifier ===
              precision    recall  f1-score   support

           0      1.000     1.000     1.000        27
           1      0.903     1.000     0.949        28
           2      0.962     0.962     0.962        26
           3      0.964     0.964     0.964        28
           4      1.000     1.000     1.000        27
           5      1.000     0.963     0.981        27
           6      1.000     1.000     1.000        27
           7      1.000     1.000     1.000        27
           8      0.958     0.885     0.920        26
           9      0.963     0.963     0.963        27

    accuracy                          0.974       270
   macro avg      0.975     0.974     0.974       270
weighted avg      0.975     0.974     0.974       270

